{
 "cells": [
  {
   "cell_type": "code",
   "execution_count": 2,
   "metadata": {},
   "outputs": [],
   "source": [
    "import pickle\n",
    "import numpy as np"
   ]
  },
  {
   "cell_type": "markdown",
   "metadata": {},
   "source": [
    "### About libraries\n",
    "Numpy is a very useful python library. Using [NumPy](http://cs231n.github.io/python-numpy-tutorial/), mathematical and logical operations on arrays can be performed.\n",
    "<br>The [pickle](https://www.youtube.com/watch?v=2Tw39kZIbhs) module implements a fundamental, but powerful algorithm for serializing and de-serializing a Python object structure."
   ]
  },
  {
   "cell_type": "code",
   "execution_count": 6,
   "metadata": {},
   "outputs": [],
   "source": [
    "## Code to load the array\n",
    "with open('array.pickle', 'rb') as p:\n",
    "    arr = pickle.load(p)"
   ]
  },
  {
   "cell_type": "markdown",
   "metadata": {},
   "source": [
    "### Task 1: Write the code and check the size of the array"
   ]
  },
  {
   "cell_type": "code",
   "execution_count": 5,
   "metadata": {},
   "outputs": [
    {
     "name": "stdout",
     "output_type": "stream",
     "text": [
      "1000\n"
     ]
    }
   ],
   "source": [
    "## BEGIN CODE\n",
    "print(len(arr))\n",
    "## END CODE"
   ]
  },
  {
   "cell_type": "markdown",
   "metadata": {},
   "source": [
    "Check that the size of the array (arr) is 1000. Please report in case fo any discrepancy."
   ]
  },
  {
   "cell_type": "markdown",
   "metadata": {},
   "source": [
    "### Task 2: Resize the array to a (40x50) matrix"
   ]
  },
  {
   "cell_type": "code",
   "execution_count": 17,
   "metadata": {},
   "outputs": [],
   "source": [
    "## BEGIN CODE\n",
    "a = np.resize(arr,(20,50))\n",
    "## END CODE"
   ]
  },
  {
   "cell_type": "markdown",
   "metadata": {},
   "source": [
    "### Task 3: Find the transpose of this matrix"
   ]
  },
  {
   "cell_type": "code",
   "execution_count": 18,
   "metadata": {},
   "outputs": [],
   "source": [
    "## BEGIN CODE\n",
    "b = a.transpose()\n",
    "## END CODE"
   ]
  },
  {
   "cell_type": "markdown",
   "metadata": {},
   "source": [
    "### Task 3: Find the dot product of the matrices created in Tasks 2 & 3"
   ]
  },
  {
   "cell_type": "code",
   "execution_count": 20,
   "metadata": {},
   "outputs": [],
   "source": [
    "## BEGIN CODE\n",
    "c = np.dot(a,b)\n",
    "## END CODE"
   ]
  },
  {
   "cell_type": "markdown",
   "metadata": {},
   "source": [
    "### Task 4: Find the row wise sum of the resulting matrix"
   ]
  },
  {
   "cell_type": "code",
   "execution_count": 21,
   "metadata": {},
   "outputs": [
    {
     "data": {
      "text/plain": [
       "array([2365442.27809957, 3002112.3995789 , 2779184.43777157,\n",
       "       2477210.32440039, 2627759.87742664, 2220803.79590608,\n",
       "       2429710.18283941, 2508044.22721641, 2459318.36600334,\n",
       "       2325031.07739166, 2896081.10050922, 2762062.07921721,\n",
       "       2660473.74582437, 2141287.18395127, 2694809.41626161,\n",
       "       2254508.32241154, 2480788.07237605, 2727792.51946167,\n",
       "       2586794.20382212, 2681242.33967484])"
      ]
     },
     "execution_count": 21,
     "metadata": {},
     "output_type": "execute_result"
    }
   ],
   "source": [
    "## BEGIN CODE\n",
    "c.sum(axis=1)\n",
    "## END CODE"
   ]
  },
  {
   "cell_type": "markdown",
   "metadata": {},
   "source": [
    "### Task 5: Find the cube root of all elements in the resulting matrix"
   ]
  },
  {
   "cell_type": "code",
   "execution_count": 22,
   "metadata": {},
   "outputs": [
    {
     "data": {
      "text/plain": [
       "array([[52.7582459 , 51.35753819, 51.23435136, 48.29779307, 48.44113667,\n",
       "        45.42163648, 49.52570225, 47.34349003, 47.69166577, 46.09982687,\n",
       "        50.89835315, 49.7275637 , 49.01208237, 46.79871097, 51.11656915,\n",
       "        48.19459721, 48.1686254 , 50.25104429, 48.49718073, 49.4993317 ],\n",
       "       [51.35753819, 59.5900052 , 54.02159437, 52.20550264, 53.19070466,\n",
       "        50.57642744, 52.86389711, 51.93420282, 51.69708644, 51.20739439,\n",
       "        55.74326309, 54.05943003, 53.14433173, 49.74151993, 53.88001108,\n",
       "        50.1709808 , 52.91431042, 55.85856445, 53.21658758, 53.69155336],\n",
       "       [51.23435136, 54.02159437, 58.31037566, 51.93658767, 51.0525514 ,\n",
       "        47.88038021, 51.05695889, 51.01778143, 50.50289357, 49.36839449,\n",
       "        54.04867149, 51.40990692, 53.35665416, 49.17402095, 52.13119179,\n",
       "        49.00721065, 50.61849711, 53.24717747, 52.31169065, 52.302063  ],\n",
       "       [48.29779307, 52.20550264, 51.93658767, 53.98545235, 49.19379837,\n",
       "        47.43719677, 49.61556778, 49.99867595, 48.38404008, 47.73098422,\n",
       "        51.60019183, 50.12427753, 48.56767037, 46.65813176, 51.43462106,\n",
       "        47.67180373, 49.22479548, 51.23413782, 50.49992404, 49.79616516],\n",
       "       [48.44113667, 53.19070466, 51.0525514 , 49.19379837, 55.40142898,\n",
       "        49.05068559, 48.39190629, 50.61212301, 51.44608724, 49.53290222,\n",
       "        52.85551752, 52.46115298, 51.93609771, 46.82901672, 49.72215142,\n",
       "        49.40215647, 50.00457542, 51.26821585, 51.78560703, 52.62942247],\n",
       "       [45.42163648, 50.57642744, 47.88038021, 47.43719677, 49.05068559,\n",
       "        51.34859813, 46.5823886 , 47.64286991, 48.66380278, 46.4703296 ,\n",
       "        48.60662091, 49.28465195, 48.13694906, 43.91904098, 49.13432229,\n",
       "        46.08911507, 47.08951769, 49.29877762, 48.23102474, 49.21819028],\n",
       "       [49.52570225, 52.86389711, 51.05695889, 49.61556778, 48.39190629,\n",
       "        46.5823886 , 53.35406312, 48.77634564, 47.64070297, 46.40237182,\n",
       "        51.45072334, 51.58271682, 49.10460634, 46.85719515, 51.11110852,\n",
       "        46.29698126, 48.78057708, 50.16444667, 48.32830689, 50.94485925],\n",
       "       [47.34349003, 51.93420282, 51.01778143, 49.99867595, 50.61212301,\n",
       "        47.64286991, 48.77634564, 54.00119688, 49.62471918, 48.93571088,\n",
       "        52.76839771, 51.49630587, 50.38393861, 47.50341655, 51.57975753,\n",
       "        47.43343333, 48.38438944, 50.1212072 , 49.11193848, 51.06928887],\n",
       "       [47.69166577, 51.69708644, 50.50289357, 48.38404008, 51.44608724,\n",
       "        48.66380278, 47.64070297, 49.62471918, 54.98396321, 48.48535604,\n",
       "        50.90807259, 51.70870176, 50.47555029, 47.3403467 , 50.07547189,\n",
       "        46.32790267, 48.95130048, 49.35046401, 49.19357332, 49.6271296 ],\n",
       "       [46.09982687, 51.20739439, 49.36839449, 47.73098422, 49.53290222,\n",
       "        46.4703296 , 46.40237182, 48.93571088, 48.48535604, 53.68289622,\n",
       "        49.80340608, 49.81749177, 49.38379158, 46.79087582, 48.80417006,\n",
       "        46.58224014, 48.44433524, 49.0928003 , 48.44292026, 49.73046078],\n",
       "       [50.89835315, 55.74326309, 54.04867149, 51.60019183, 52.85551752,\n",
       "        48.60662091, 51.45072334, 52.76839771, 50.90807259, 49.80340608,\n",
       "        57.68387723, 53.80903885, 53.46746226, 49.17055108, 53.25509822,\n",
       "        51.38913169, 52.54648752, 53.28109388, 52.48120992, 52.83810995],\n",
       "       [49.7275637 , 54.05943003, 51.40990692, 50.12427753, 52.46115298,\n",
       "        49.28465195, 51.58271682, 51.49630587, 51.70870176, 49.81749177,\n",
       "        53.80903885, 57.10728908, 52.66559629, 48.84420305, 52.96887208,\n",
       "        48.07961031, 50.75402038, 52.19800937, 51.30102791, 52.79073394],\n",
       "       [49.01208237, 53.14433173, 53.35665416, 48.56767037, 51.93609771,\n",
       "        48.13694906, 49.10460634, 50.38393861, 50.47555029, 49.38379158,\n",
       "        53.46746226, 52.66559629, 56.11739579, 47.6594809 , 50.8178553 ,\n",
       "        48.76284268, 50.29727243, 52.10663548, 52.66232338, 51.08894423],\n",
       "       [46.79871097, 49.74151993, 49.17402095, 46.65813176, 46.82901672,\n",
       "        43.91904098, 46.85719515, 47.50341655, 47.3403467 , 46.79087582,\n",
       "        49.17055108, 48.84420305, 47.6594809 , 50.88357131, 48.51040266,\n",
       "        43.69613474, 47.02385704, 46.97475346, 46.83983141, 47.29886646],\n",
       "       [51.11656915, 53.88001108, 52.13119179, 51.43462106, 49.72215142,\n",
       "        49.13432229, 51.11110852, 51.57975753, 50.07547189, 48.80417006,\n",
       "        53.25509822, 52.96887208, 50.8178553 , 48.51040266, 56.28672104,\n",
       "        48.6764442 , 50.60566444, 52.28788542, 50.3968766 , 51.13663716],\n",
       "       [48.19459721, 50.1709808 , 49.00721065, 47.67180373, 49.40215647,\n",
       "        46.08911507, 46.29698126, 47.43343333, 46.32790267, 46.58224014,\n",
       "        51.38913169, 48.07961031, 48.76284268, 43.69613474, 48.6764442 ,\n",
       "        51.7728037 , 47.88406245, 50.0029385 , 47.89136171, 49.36553237],\n",
       "       [48.1686254 , 52.91431042, 50.61849711, 49.22479548, 50.00457542,\n",
       "        47.08951769, 48.78057708, 48.38438944, 48.95130048, 48.44433524,\n",
       "        52.54648752, 50.75402038, 50.29727243, 47.02385704, 50.60566444,\n",
       "        47.88406245, 54.36866695, 50.2965737 , 49.26968183, 50.41214365],\n",
       "       [50.25104429, 55.85856445, 53.24717747, 51.23413782, 51.26821585,\n",
       "        49.29877762, 50.16444667, 50.1212072 , 49.35046401, 49.0928003 ,\n",
       "        53.28109388, 52.19800937, 52.10663548, 46.97475346, 52.28788542,\n",
       "        50.0029385 , 50.2965737 , 56.23778113, 52.68738356, 51.6741927 ],\n",
       "       [48.49718073, 53.21658758, 52.31169065, 50.49992404, 51.78560703,\n",
       "        48.23102474, 48.32830689, 49.11193848, 49.19357332, 48.44292026,\n",
       "        52.48120992, 51.30102791, 52.66232338, 46.83983141, 50.3968766 ,\n",
       "        47.89136171, 49.26968183, 52.68738356, 55.66785686, 50.70406318],\n",
       "       [49.4993317 , 53.69155336, 52.302063  , 49.79616516, 52.62942247,\n",
       "        49.21819028, 50.94485925, 51.06928887, 49.6271296 , 49.73046078,\n",
       "        52.83810995, 52.79073394, 51.08894423, 47.29886646, 51.13663716,\n",
       "        49.36553237, 50.41214365, 51.6741927 , 50.70406318, 56.32833088]])"
      ]
     },
     "execution_count": 22,
     "metadata": {},
     "output_type": "execute_result"
    }
   ],
   "source": [
    "## BEGIN CODE\n",
    "np.cbrt(c)\n",
    "## END CODE"
   ]
  },
  {
   "cell_type": "markdown",
   "metadata": {},
   "source": [
    "### Task 6: Find the sine,cos and tan-1 value of all elements in the resulting matrix"
   ]
  },
  {
   "cell_type": "code",
   "execution_count": 30,
   "metadata": {},
   "outputs": [
    {
     "data": {
      "text/plain": [
       "array([[1.57078952, 1.57078894, 1.57078889, 1.57078745, 1.57078753,\n",
       "        1.57078566, 1.57078809, 1.5707869 , 1.57078711, 1.57078612,\n",
       "        1.57078874, 1.57078819, 1.57078783, 1.57078657, 1.57078884,\n",
       "        1.57078739, 1.57078738, 1.57078845, 1.57078756, 1.57078808],\n",
       "       [1.57078894, 1.5707916 , 1.57078998, 1.5707893 , 1.57078968,\n",
       "        1.5707886 , 1.57078956, 1.57078919, 1.57078909, 1.57078888,\n",
       "        1.57079055, 1.57079   , 1.57078966, 1.5707882 , 1.57078993,\n",
       "        1.57078841, 1.57078958, 1.57079059, 1.57078969, 1.57078987],\n",
       "       [1.57078889, 1.57078998, 1.57079128, 1.57078919, 1.57078881,\n",
       "        1.57078722, 1.57078881, 1.5707888 , 1.57078856, 1.57078802,\n",
       "        1.57078999, 1.57078897, 1.57078974, 1.57078792, 1.57078927,\n",
       "        1.57078783, 1.57078862, 1.5707897 , 1.57078934, 1.57078934],\n",
       "       [1.57078745, 1.5707893 , 1.57078919, 1.57078997, 1.57078793,\n",
       "        1.57078696, 1.57078814, 1.57078833, 1.5707875 , 1.57078713,\n",
       "        1.57078905, 1.57078839, 1.5707876 , 1.57078648, 1.57078898,\n",
       "        1.5707871 , 1.57078794, 1.57078889, 1.57078856, 1.57078823],\n",
       "       [1.57078753, 1.57078968, 1.57078881, 1.57078793, 1.57079045,\n",
       "        1.57078785, 1.5707875 , 1.57078861, 1.57078898, 1.5707881 ,\n",
       "        1.57078955, 1.5707894 , 1.57078919, 1.57078659, 1.57078819,\n",
       "        1.57078803, 1.57078833, 1.57078891, 1.57078913, 1.57078947],\n",
       "       [1.57078566, 1.5707886 , 1.57078722, 1.57078696, 1.57078785,\n",
       "        1.57078894, 1.57078643, 1.57078708, 1.57078765, 1.57078636,\n",
       "        1.57078762, 1.57078797, 1.57078736, 1.57078452, 1.5707879 ,\n",
       "        1.57078611, 1.57078675, 1.57078798, 1.57078741, 1.57078794],\n",
       "       [1.57078809, 1.57078956, 1.57078881, 1.57078814, 1.5707875 ,\n",
       "        1.57078643, 1.57078974, 1.57078771, 1.57078708, 1.57078632,\n",
       "        1.57078898, 1.57078904, 1.57078788, 1.57078661, 1.57078884,\n",
       "        1.57078625, 1.57078771, 1.57078841, 1.57078747, 1.57078876],\n",
       "       [1.5707869 , 1.57078919, 1.5707888 , 1.57078833, 1.57078861,\n",
       "        1.57078708, 1.57078771, 1.57078998, 1.57078814, 1.57078779,\n",
       "        1.57078952, 1.570789  , 1.57078851, 1.570787  , 1.57078904,\n",
       "        1.57078696, 1.5707875 , 1.57078838, 1.57078788, 1.57078882],\n",
       "       [1.57078711, 1.57078909, 1.57078856, 1.5707875 , 1.57078898,\n",
       "        1.57078765, 1.57078708, 1.57078814, 1.57079031, 1.57078755,\n",
       "        1.57078875, 1.57078909, 1.57078855, 1.5707869 , 1.57078836,\n",
       "        1.57078627, 1.5707878 , 1.57078801, 1.57078793, 1.57078815],\n",
       "       [1.57078612, 1.57078888, 1.57078802, 1.57078713, 1.5707881 ,\n",
       "        1.57078636, 1.57078632, 1.57078779, 1.57078755, 1.57078986,\n",
       "        1.57078823, 1.57078824, 1.57078802, 1.57078657, 1.57078772,\n",
       "        1.57078643, 1.57078753, 1.57078788, 1.57078753, 1.5707882 ],\n",
       "       [1.57078874, 1.57079055, 1.57078999, 1.57078905, 1.57078955,\n",
       "        1.57078762, 1.57078898, 1.57078952, 1.57078875, 1.57078823,\n",
       "        1.57079112, 1.57078991, 1.57078978, 1.57078792, 1.57078971,\n",
       "        1.57078896, 1.57078943, 1.57078972, 1.57078941, 1.57078955],\n",
       "       [1.57078819, 1.57079   , 1.57078897, 1.57078839, 1.5707894 ,\n",
       "        1.57078797, 1.57078904, 1.570789  , 1.57078909, 1.57078824,\n",
       "        1.57078991, 1.57079096, 1.57078948, 1.57078775, 1.5707896 ,\n",
       "        1.57078733, 1.57078868, 1.5707893 , 1.57078892, 1.57078953],\n",
       "       [1.57078783, 1.57078966, 1.57078974, 1.5707876 , 1.57078919,\n",
       "        1.57078736, 1.57078788, 1.57078851, 1.57078855, 1.57078802,\n",
       "        1.57078978, 1.57078948, 1.57079067, 1.57078709, 1.57078871,\n",
       "        1.5707877 , 1.57078847, 1.57078926, 1.57078948, 1.57078883],\n",
       "       [1.57078657, 1.5707882 , 1.57078792, 1.57078648, 1.57078659,\n",
       "        1.57078452, 1.57078661, 1.570787  , 1.5707869 , 1.57078657,\n",
       "        1.57078792, 1.57078775, 1.57078709, 1.57078874, 1.57078757,\n",
       "        1.57078434, 1.57078671, 1.57078668, 1.5707866 , 1.57078688],\n",
       "       [1.57078884, 1.57078993, 1.57078927, 1.57078898, 1.57078819,\n",
       "        1.5707879 , 1.57078884, 1.57078904, 1.57078836, 1.57078772,\n",
       "        1.57078971, 1.5707896 , 1.57078871, 1.57078757, 1.57079072,\n",
       "        1.57078766, 1.57078861, 1.57078933, 1.57078851, 1.57078885],\n",
       "       [1.57078739, 1.57078841, 1.57078783, 1.5707871 , 1.57078803,\n",
       "        1.57078611, 1.57078625, 1.57078696, 1.57078627, 1.57078643,\n",
       "        1.57078896, 1.57078733, 1.5707877 , 1.57078434, 1.57078766,\n",
       "        1.57078912, 1.57078722, 1.57078833, 1.57078722, 1.57078801],\n",
       "       [1.57078738, 1.57078958, 1.57078862, 1.57078794, 1.57078833,\n",
       "        1.57078675, 1.57078771, 1.5707875 , 1.5707878 , 1.57078753,\n",
       "        1.57078943, 1.57078868, 1.57078847, 1.57078671, 1.57078861,\n",
       "        1.57078722, 1.5707901 , 1.57078847, 1.57078797, 1.57078852],\n",
       "       [1.57078845, 1.57079059, 1.5707897 , 1.57078889, 1.57078891,\n",
       "        1.57078798, 1.57078841, 1.57078838, 1.57078801, 1.57078788,\n",
       "        1.57078972, 1.5707893 , 1.57078926, 1.57078668, 1.57078933,\n",
       "        1.57078833, 1.57078847, 1.5707907 , 1.57078949, 1.57078908],\n",
       "       [1.57078756, 1.57078969, 1.57078934, 1.57078856, 1.57078913,\n",
       "        1.57078741, 1.57078747, 1.57078788, 1.57078793, 1.57078753,\n",
       "        1.57078941, 1.57078892, 1.57078948, 1.5707866 , 1.57078851,\n",
       "        1.57078722, 1.57078797, 1.57078949, 1.57079053, 1.57078866],\n",
       "       [1.57078808, 1.57078987, 1.57078934, 1.57078823, 1.57078947,\n",
       "        1.57078794, 1.57078876, 1.57078882, 1.57078815, 1.5707882 ,\n",
       "        1.57078955, 1.57078953, 1.57078883, 1.57078688, 1.57078885,\n",
       "        1.57078801, 1.57078852, 1.57078908, 1.57078866, 1.57079073]])"
      ]
     },
     "execution_count": 30,
     "metadata": {},
     "output_type": "execute_result"
    }
   ],
   "source": [
    "## BEGIN CODE(1 line of code for each)\n",
    "#for sine\n",
    "d=np.sin(c)\n",
    "#for cos\n",
    "np.cos(c)\n",
    "#for tan-1\n",
    "np.arctan(c)\n",
    "## END CODE"
   ]
  },
  {
   "cell_type": "markdown",
   "metadata": {},
   "source": [
    "# Bonus Task"
   ]
  },
  {
   "cell_type": "markdown",
   "metadata": {},
   "source": [
    "### Normalizing rows\n",
    "\n",
    "Normalization is a common technique we use in Machine Learning and Deep Learning is to normalize our data. Here, by normalization we mean changing x to $ \\frac{x}{\\| x\\|} $ (dividing each row vector of x by its norm).\n",
    "\n",
    "For example, if $$x = \n",
    "\\begin{bmatrix}\n",
    "    0 & 3 & 4 \\\\\n",
    "    2 & 6 & 4 \\\\\n",
    "\\end{bmatrix}\\tag{1}$$ then $$\\| x\\| = np.linalg.norm(x, axis = 1, keepdims = True) = \\begin{bmatrix}\n",
    "    5 \\\\\n",
    "    \\sqrt{56} \\\\\n",
    "\\end{bmatrix}\\tag{2} $$and        $$ x\\_normalized = \\frac{x}{\\| x\\|} = \\begin{bmatrix}\n",
    "    0 & \\frac{3}{5} & \\frac{4}{5} \\\\\n",
    "    \\frac{2}{\\sqrt{56}} & \\frac{6}{\\sqrt{56}} & \\frac{4}{\\sqrt{56}} \\\\\n",
    "\\end{bmatrix}\\tag{3}$$ Note that you can divide matrices of different sizes and it works fine: this is called broadcasting and you're going to learn about it in part 3.\n",
    "\n",
    "\n",
    "**Exercise**: Implement normalizeRows() to normalize the rows of a matrix . After applying this function to an input matrix x, each row of x should be a vector of unit length (meaning length 1)."
   ]
  },
  {
   "cell_type": "code",
   "execution_count": 28,
   "metadata": {},
   "outputs": [],
   "source": [
    "def normalizeRows(x):\n",
    "    \"\"\"\n",
    "    Implement a function that normalizes each row of the matrix x (to have unit length).\n",
    "    \n",
    "    Argument:\n",
    "    x -- A numpy matrix of shape (n, m)\n",
    "    \n",
    "    Returns:\n",
    "    x -- The normalized (by row) numpy matrix. You are allowed to modify x.\n",
    "    \"\"\"\n",
    "    \n",
    "    #Begin Here(≈ 2 lines of code)\n",
    "    # Compute x_norm as the norm 2 of x. Use np.linalg.norm(..., ord = 2, axis = ..., keepdims = True)\n",
    "    x_norm = 𝑛𝑝.𝑙𝑖𝑛𝑎𝑙𝑔.𝑛𝑜𝑟𝑚(𝑥,𝑎𝑥𝑖𝑠=1,𝑘𝑒𝑒𝑝𝑑𝑖𝑚𝑠=𝑇𝑟𝑢𝑒)\n",
    "    \n",
    "\n",
    "    # Divide x by its norm.\n",
    "    x_normf = x/x_norm\n",
    "    \n",
    "    #END CODE\n",
    "\n",
    "    return x_normf"
   ]
  },
  {
   "cell_type": "code",
   "execution_count": 29,
   "metadata": {},
   "outputs": [
    {
     "name": "stdout",
     "output_type": "stream",
     "text": [
      "normalizeRows(x) = [[0.         0.58123819 0.81373347]\n",
      " [0.81373347 0.34874292 0.46499055]]\n"
     ]
    }
   ],
   "source": [
    "x = np.array([\n",
    "    [0, 5, 7],\n",
    "    [7, 3, 4]])\n",
    "print(\"normalizeRows(x) = \" + str(normalizeRows(x)))"
   ]
  },
  {
   "cell_type": "markdown",
   "metadata": {},
   "source": [
    "## Create submission file"
   ]
  },
  {
   "cell_type": "code",
   "execution_count": 33,
   "metadata": {},
   "outputs": [],
   "source": [
    "## Assign the name of the variable containing the final matrix of Task6 to VARIABLE_NAME variable.\n",
    "\n",
    "VARIABLE_NAME = d\n",
    "with open('submission.pickle', 'wb') as p:\n",
    "    pickle.dump(VARIABLE_NAME, p)"
   ]
  },
  {
   "cell_type": "markdown",
   "metadata": {},
   "source": [
    "**Expected Output**: \n",
    "\n",
    "<table style=\"width:60%\">\n",
    "\n",
    "   <tr> \n",
    "       <td> normalizeRows(x) </td> \n",
    "       <td> [[0.          0.58123819  0.81373347]\n",
    " <br>[0.81373347  0.34874292  0.46499055]</td> \n",
    "     </tr>\n",
    "    \n",
    "   \n",
    "</table>"
   ]
  },
  {
   "cell_type": "code",
   "execution_count": null,
   "metadata": {},
   "outputs": [],
   "source": []
  }
 ],
 "metadata": {
  "kernelspec": {
   "display_name": "Python 3",
   "language": "python",
   "name": "python3"
  },
  "language_info": {
   "codemirror_mode": {
    "name": "ipython",
    "version": 3
   },
   "file_extension": ".py",
   "mimetype": "text/x-python",
   "name": "python",
   "nbconvert_exporter": "python",
   "pygments_lexer": "ipython3",
   "version": "3.7.3"
  }
 },
 "nbformat": 4,
 "nbformat_minor": 2
}
