{
 "cells": [
  {
   "cell_type": "code",
   "execution_count": 4,
   "metadata": {},
   "outputs": [],
   "source": [
    "import pickle\n",
    "import numpy as np"
   ]
  },
  {
   "cell_type": "markdown",
   "metadata": {},
   "source": [
    "### About libraries\n",
    "Numpy is a very useful python library. Using [NumPy](http://cs231n.github.io/python-numpy-tutorial/), mathematical and logical operations on arrays can be performed.\n",
    "<br>The [pickle](https://www.youtube.com/watch?v=2Tw39kZIbhs) module implements a fundamental, but powerful algorithm for serializing and de-serializing a Python object structure."
   ]
  },
  {
   "cell_type": "code",
   "execution_count": 5,
   "metadata": {},
   "outputs": [],
   "source": [
    "## Code to load the array\n",
    "with open('/home/killmonger/csoc-ml2k19-assignment-1a/Assignment_1_a/array.pickle', 'rb') as p:\n",
    "    arr = pickle.load(p)"
   ]
  },
  {
   "cell_type": "markdown",
   "metadata": {},
   "source": [
    "### Task 1: Write the code and check the size of the array"
   ]
  },
  {
   "cell_type": "code",
   "execution_count": 6,
   "metadata": {},
   "outputs": [
    {
     "name": "stdout",
     "output_type": "stream",
     "text": [
      "1000\n"
     ]
    }
   ],
   "source": [
    "## BEGIN CODE\n",
    "print(arr.size)\n",
    "\n",
    "## END CODE"
   ]
  },
  {
   "cell_type": "markdown",
   "metadata": {},
   "source": [
    "Check that the size of the array (arr) is 1000. Please report in case fo any discrepancy."
   ]
  },
  {
   "cell_type": "markdown",
   "metadata": {},
   "source": [
    "### Task 2: Resize the array to a (20x50) matrix"
   ]
  },
  {
   "cell_type": "code",
   "execution_count": 7,
   "metadata": {},
   "outputs": [
    {
     "name": "stdout",
     "output_type": "stream",
     "text": [
      "(20, 50)\n"
     ]
    }
   ],
   "source": [
    "## BEGIN CODE\n",
    "arr1=arr.reshape(20,50)\n",
    "print(arr1.shape)\n",
    "\n",
    "## END CODE"
   ]
  },
  {
   "cell_type": "markdown",
   "metadata": {},
   "source": [
    "### Task 3: Find the transpose of this matrix"
   ]
  },
  {
   "cell_type": "code",
   "execution_count": 8,
   "metadata": {},
   "outputs": [
    {
     "name": "stdout",
     "output_type": "stream",
     "text": [
      "(50, 20)\n"
     ]
    }
   ],
   "source": [
    "## BEGIN CODE\n",
    "arr2=np.transpose(arr1)\n",
    "print(arr2.shape)\n",
    "## END CODE"
   ]
  },
  {
   "cell_type": "markdown",
   "metadata": {},
   "source": [
    "### Task 3: Find the dot product of the matrices created in Tasks 2 & 3"
   ]
  },
  {
   "cell_type": "code",
   "execution_count": 9,
   "metadata": {},
   "outputs": [
    {
     "name": "stdout",
     "output_type": "stream",
     "text": [
      "[[146849.01683828 135460.4747245  134488.05934036 112663.14213183\n",
      "  113669.24514769  93710.51654169 121476.40392393 106115.98487967\n",
      "  108474.45459776  97971.07721241 131859.42941356 122967.8407579\n",
      "  117736.0507943  102494.76239164 133562.66968841 111942.51630097\n",
      "  111761.63810227 126892.30150792 114064.23128039 121282.46252407]\n",
      " [135460.4747245  211602.24444005 157652.98313366 142281.63422162\n",
      "  150489.85768771 129373.2375846  147733.00373515 140074.92838042\n",
      "  138165.0514419  134275.8882438  173211.67578061 157984.46631436\n",
      "  150096.59871898 123071.40401045 156416.66757068 126286.74620133\n",
      "  148156.06078107 174288.73215696 150709.65242627 154781.09202476]\n",
      " [134488.05934036 157652.98313366 198261.10301209 140094.22623001\n",
      "  133061.48124711 109767.24679661 133095.94676457 132789.7968447\n",
      "  128809.76423868 120322.54551324 157890.16203522 135875.28017375\n",
      "  151902.79512042 118906.92981258 141674.91504509 117700.9459328\n",
      "  129696.3457347  150969.6939897  143151.62043831 143072.59636798]\n",
      " [112663.14213183 142281.63422162 140094.22623001 157336.771407\n",
      "  119050.45793494 106747.33747168 122138.86973101 124990.06990125\n",
      "  113267.77974114 108742.96466343 137389.62826407 125934.40013047\n",
      "  114562.32448867 101573.87844261 136071.33122668 108338.9826602\n",
      "  119275.64152925 134486.37781964 128787.04387052 123477.46253439]\n",
      " [113669.24514769 150489.85768771 133061.48124711 119050.45793494\n",
      "  170044.62164306 118014.46608695 113323.0335134  129647.35611466\n",
      "  136162.35352898 121529.39177189 147662.76226718 144382.14632804\n",
      "  140090.26138795 102694.01095853 122927.69417464 120569.57237705\n",
      "  125034.31875765 134754.91437977 138876.00478475 145775.9273347 ]\n",
      " [ 93710.51654169 129373.2375846  109767.24679661 106747.33747168\n",
      "  118014.46608695 135389.74619482 101080.00673818 108141.83732208\n",
      "  115243.94862416 100352.28330494 114838.17738777 119711.28200594\n",
      "  111541.2951899   84714.65463135 118619.17813658  97902.79911342\n",
      "  104417.3643442  119814.24430309 112196.54093453 119227.63319359]\n",
      " [121476.40392393 147733.00373515 133095.94676457 122138.86973101\n",
      "  113323.0335134  101080.00673818 151880.66667787 116045.35955997\n",
      "  108127.08211659  99912.6640563  136199.16798114 137250.08969051\n",
      "  118404.08912531 102879.50477811 133519.86996275  99233.43452871\n",
      "  116075.56365395 126237.41086618 112876.81371146 132221.20172432]\n",
      " [106115.98487967 140074.92838042 132789.7968447  124990.06990125\n",
      "  129647.35611466 108141.83732208 116045.35955997 157474.47053715\n",
      "  122206.46636651 117186.53279732 146933.80377351 136561.48383686\n",
      "  127901.70748693 107195.00243931 137226.46905817 106721.93296559\n",
      "  113270.23333132 125911.25944541 118457.13623713 133192.39593847]\n",
      " [108474.45459776 138165.0514419  128809.76423868 113267.77974114\n",
      "  136162.35352898 115243.94862416 108127.08211659 122206.46636651\n",
      "  166229.50858264 113980.81740394 131934.98257034 138258.20127611\n",
      "  128600.65695436 106094.84983467 125566.89397304  99432.39921129\n",
      "  117298.56584291 120191.49058685 119048.82407554 122224.27503591]\n",
      " [ 97971.07721241 134275.8882438  120322.54551324 108742.96466343\n",
      "  121529.39177189 100352.28330494  99912.6640563  117186.53279732\n",
      "  113980.81740394 154706.23412074 123531.33539427 123636.17861437\n",
      "  120435.15981665 102443.29126225 116244.06676188 101079.04031655\n",
      "  113691.76335553 118318.70733329 113681.80144083 122989.33400803]\n",
      " [131859.42941356 173211.67578061 157890.16203522 137389.62826407\n",
      "  147662.76226718 114838.17738777 136199.16798114 146933.80377351\n",
      "  131934.98257034 123531.33539427 191939.04589884 155799.37238331\n",
      "  152851.15142123 118881.76029451 151037.07622947 135710.62126071\n",
      "  145087.8591343  151258.36349145 144547.81009023 147516.9154375 ]\n",
      " [122967.8407579  157984.46631436 135875.28017375 125934.40013047\n",
      "  144382.14632804 119711.28200594 137250.08969051 136561.48383686\n",
      "  138258.20127611 123636.17861437 155799.37238331 186240.71622822\n",
      "  146076.72286527 116530.35889407 148614.83907398 111143.17958321\n",
      "  130740.86354712 142220.37617227 135013.81259639 147120.46874505]\n",
      " [117736.0507943  150096.59871898 151902.79512042 114562.32448867\n",
      "  140090.26138795 111541.2951899  118404.08912531 127901.70748693\n",
      "  128600.65695436 120435.15981665 152851.15142123 146076.72286527\n",
      "  176722.77653006 108254.98979361 131234.79492595 115949.01027877\n",
      "  127242.82515492 141474.80215573 146049.49066111 133346.24295423]\n",
      " [102494.76239164 123071.40401045 118906.92981258 101573.87844261\n",
      "  102694.01095853  84714.65463135 102879.50477811 107195.00243931\n",
      "  106094.84983467 102443.29126225 118881.76029451 116530.35889407\n",
      "  108254.98979361 131744.57936873 114157.54969008  83431.31060408\n",
      "  103981.18084226 103655.78102425 102765.1758593  105816.20901888]\n",
      " [133562.66968841 156416.66757068 141674.91504509 136071.33122668\n",
      "  122927.69417464 118619.17813658 133519.86996275 137226.46905817\n",
      "  125566.89397304 116244.06676188 151037.07622947 148614.83907398\n",
      "  131234.79492595 114157.54969008 178327.30618129 115333.78288395\n",
      "  129597.72988334 142956.27935174 128000.26363994 133720.03880396]\n",
      " [111942.51630097 126286.74620133 117700.9459328  108338.9826602\n",
      "  120569.57237705  97902.79911342  99233.43452871 106721.93296559\n",
      "   99432.39921129 101079.04031655 135710.62126071 111143.17958321\n",
      "  115949.01027877  83431.31060408 115333.78288395 138773.02434887\n",
      "  109792.57364882 125022.04004507 109842.79036868 120301.61978146]\n",
      " [111761.63810227 148156.06078107 129696.3457347  119275.64152925\n",
      "  125034.31875765 104417.3643442  116075.56365395 113270.23333132\n",
      "  117298.56584291 113691.76335553 145087.8591343  130740.86354712\n",
      "  127242.82515492 103981.18084226 129597.72988334 109792.57364882\n",
      "  160711.16684666 127237.52221474 119602.22892725 128116.62674377]\n",
      " [126892.30150792 174288.73215696 150969.6939897  134486.37781964\n",
      "  134754.91437977 119814.24430309 126237.41086618 125911.25944541\n",
      "  120191.49058685 118318.70733329 151258.36349145 142220.37617227\n",
      "  141474.80215573 103655.78102425 142956.27935174 125022.04004507\n",
      "  127237.52221474 177862.55697498 146258.08959271 137981.57604992]\n",
      " [114064.23128039 150709.65242627 143151.62043831 128787.04387052\n",
      "  138876.00478475 112196.54093453 112876.81371146 118457.13623713\n",
      "  119048.82407554 113681.80144083 144547.81009023 135013.81259639\n",
      "  146049.49066111 102765.1758593  128000.26363994 109842.79036868\n",
      "  119602.22892725 146258.08959271 172509.69432006 130355.17856673]\n",
      " [121282.46252407 154781.09202476 143072.59636798 123477.46253439\n",
      "  145775.9273347  119227.63319359 132221.20172432 133192.39593847\n",
      "  122224.27503591 122989.33400803 147516.9154375  147120.46874505\n",
      "  133346.24295423 105816.20901888 133720.03880396 120301.61978146\n",
      "  128116.62674377 137981.57604992 130355.17856673 178723.08288711]]\n"
     ]
    }
   ],
   "source": [
    "## BEGIN CODE\n",
    "c=np.dot(arr1,arr2)\n",
    "print(c)\n",
    "## END CODE"
   ]
  },
  {
   "cell_type": "markdown",
   "metadata": {},
   "source": [
    "### Task 4: Find the row wise sum of the resulting matrix"
   ]
  },
  {
   "cell_type": "code",
   "execution_count": 10,
   "metadata": {},
   "outputs": [
    {
     "name": "stdout",
     "output_type": "stream",
     "text": [
      "[2365442.27809957 3002112.3995789  2779184.43777157 2477210.32440039\n",
      " 2627759.87742664 2220803.79590608 2429710.18283941 2508044.22721641\n",
      " 2459318.36600334 2325031.07739166 2896081.10050922 2762062.07921721\n",
      " 2660473.74582437 2141287.18395127 2694809.41626161 2254508.32241154\n",
      " 2480788.07237605 2727792.51946167 2586794.20382212 2681242.33967484]\n"
     ]
    }
   ],
   "source": [
    "## BEGIN CODE\n",
    "d=np.sum(c,axis=1)\n",
    "print(d)\n",
    "## END CODE"
   ]
  },
  {
   "cell_type": "markdown",
   "metadata": {},
   "source": [
    "### Task 5: Find the cube root of all elements in the resulting matrix"
   ]
  },
  {
   "cell_type": "code",
   "execution_count": 11,
   "metadata": {},
   "outputs": [
    {
     "name": "stdout",
     "output_type": "stream",
     "text": [
      "[[52.7582459  51.35753819 51.23435136 48.29779307 48.44113667 45.42163648\n",
      "  49.52570225 47.34349003 47.69166577 46.09982687 50.89835315 49.7275637\n",
      "  49.01208237 46.79871097 51.11656915 48.19459721 48.1686254  50.25104429\n",
      "  48.49718073 49.4993317 ]\n",
      " [51.35753819 59.5900052  54.02159437 52.20550264 53.19070466 50.57642744\n",
      "  52.86389711 51.93420282 51.69708644 51.20739439 55.74326309 54.05943003\n",
      "  53.14433173 49.74151993 53.88001108 50.1709808  52.91431042 55.85856445\n",
      "  53.21658758 53.69155336]\n",
      " [51.23435136 54.02159437 58.31037566 51.93658767 51.0525514  47.88038021\n",
      "  51.05695889 51.01778143 50.50289357 49.36839449 54.04867149 51.40990692\n",
      "  53.35665416 49.17402095 52.13119179 49.00721065 50.61849711 53.24717747\n",
      "  52.31169065 52.302063  ]\n",
      " [48.29779307 52.20550264 51.93658767 53.98545235 49.19379837 47.43719677\n",
      "  49.61556778 49.99867595 48.38404008 47.73098422 51.60019183 50.12427753\n",
      "  48.56767037 46.65813176 51.43462106 47.67180373 49.22479548 51.23413782\n",
      "  50.49992404 49.79616516]\n",
      " [48.44113667 53.19070466 51.0525514  49.19379837 55.40142898 49.05068559\n",
      "  48.39190629 50.61212301 51.44608724 49.53290222 52.85551752 52.46115298\n",
      "  51.93609771 46.82901672 49.72215142 49.40215647 50.00457542 51.26821585\n",
      "  51.78560703 52.62942247]\n",
      " [45.42163648 50.57642744 47.88038021 47.43719677 49.05068559 51.34859813\n",
      "  46.5823886  47.64286991 48.66380278 46.4703296  48.60662091 49.28465195\n",
      "  48.13694906 43.91904098 49.13432229 46.08911507 47.08951769 49.29877762\n",
      "  48.23102474 49.21819028]\n",
      " [49.52570225 52.86389711 51.05695889 49.61556778 48.39190629 46.5823886\n",
      "  53.35406312 48.77634564 47.64070297 46.40237182 51.45072334 51.58271682\n",
      "  49.10460634 46.85719515 51.11110852 46.29698126 48.78057708 50.16444667\n",
      "  48.32830689 50.94485925]\n",
      " [47.34349003 51.93420282 51.01778143 49.99867595 50.61212301 47.64286991\n",
      "  48.77634564 54.00119688 49.62471918 48.93571088 52.76839771 51.49630587\n",
      "  50.38393861 47.50341655 51.57975753 47.43343333 48.38438944 50.1212072\n",
      "  49.11193848 51.06928887]\n",
      " [47.69166577 51.69708644 50.50289357 48.38404008 51.44608724 48.66380278\n",
      "  47.64070297 49.62471918 54.98396321 48.48535604 50.90807259 51.70870176\n",
      "  50.47555029 47.3403467  50.07547189 46.32790267 48.95130048 49.35046401\n",
      "  49.19357332 49.6271296 ]\n",
      " [46.09982687 51.20739439 49.36839449 47.73098422 49.53290222 46.4703296\n",
      "  46.40237182 48.93571088 48.48535604 53.68289622 49.80340608 49.81749177\n",
      "  49.38379158 46.79087582 48.80417006 46.58224014 48.44433524 49.0928003\n",
      "  48.44292026 49.73046078]\n",
      " [50.89835315 55.74326309 54.04867149 51.60019183 52.85551752 48.60662091\n",
      "  51.45072334 52.76839771 50.90807259 49.80340608 57.68387723 53.80903885\n",
      "  53.46746226 49.17055108 53.25509822 51.38913169 52.54648752 53.28109388\n",
      "  52.48120992 52.83810995]\n",
      " [49.7275637  54.05943003 51.40990692 50.12427753 52.46115298 49.28465195\n",
      "  51.58271682 51.49630587 51.70870176 49.81749177 53.80903885 57.10728908\n",
      "  52.66559629 48.84420305 52.96887208 48.07961031 50.75402038 52.19800937\n",
      "  51.30102791 52.79073394]\n",
      " [49.01208237 53.14433173 53.35665416 48.56767037 51.93609771 48.13694906\n",
      "  49.10460634 50.38393861 50.47555029 49.38379158 53.46746226 52.66559629\n",
      "  56.11739579 47.6594809  50.8178553  48.76284268 50.29727243 52.10663548\n",
      "  52.66232338 51.08894423]\n",
      " [46.79871097 49.74151993 49.17402095 46.65813176 46.82901672 43.91904098\n",
      "  46.85719515 47.50341655 47.3403467  46.79087582 49.17055108 48.84420305\n",
      "  47.6594809  50.88357131 48.51040266 43.69613474 47.02385704 46.97475346\n",
      "  46.83983141 47.29886646]\n",
      " [51.11656915 53.88001108 52.13119179 51.43462106 49.72215142 49.13432229\n",
      "  51.11110852 51.57975753 50.07547189 48.80417006 53.25509822 52.96887208\n",
      "  50.8178553  48.51040266 56.28672104 48.6764442  50.60566444 52.28788542\n",
      "  50.3968766  51.13663716]\n",
      " [48.19459721 50.1709808  49.00721065 47.67180373 49.40215647 46.08911507\n",
      "  46.29698126 47.43343333 46.32790267 46.58224014 51.38913169 48.07961031\n",
      "  48.76284268 43.69613474 48.6764442  51.7728037  47.88406245 50.0029385\n",
      "  47.89136171 49.36553237]\n",
      " [48.1686254  52.91431042 50.61849711 49.22479548 50.00457542 47.08951769\n",
      "  48.78057708 48.38438944 48.95130048 48.44433524 52.54648752 50.75402038\n",
      "  50.29727243 47.02385704 50.60566444 47.88406245 54.36866695 50.2965737\n",
      "  49.26968183 50.41214365]\n",
      " [50.25104429 55.85856445 53.24717747 51.23413782 51.26821585 49.29877762\n",
      "  50.16444667 50.1212072  49.35046401 49.0928003  53.28109388 52.19800937\n",
      "  52.10663548 46.97475346 52.28788542 50.0029385  50.2965737  56.23778113\n",
      "  52.68738356 51.6741927 ]\n",
      " [48.49718073 53.21658758 52.31169065 50.49992404 51.78560703 48.23102474\n",
      "  48.32830689 49.11193848 49.19357332 48.44292026 52.48120992 51.30102791\n",
      "  52.66232338 46.83983141 50.3968766  47.89136171 49.26968183 52.68738356\n",
      "  55.66785686 50.70406318]\n",
      " [49.4993317  53.69155336 52.302063   49.79616516 52.62942247 49.21819028\n",
      "  50.94485925 51.06928887 49.6271296  49.73046078 52.83810995 52.79073394\n",
      "  51.08894423 47.29886646 51.13663716 49.36553237 50.41214365 51.6741927\n",
      "  50.70406318 56.32833088]]\n"
     ]
    }
   ],
   "source": [
    "## BEGIN CODE\n",
    "e= np.cbrt(c)\n",
    "print(e)\n",
    "\n",
    "## END CODE"
   ]
  },
  {
   "cell_type": "markdown",
   "metadata": {},
   "source": [
    "### Task 6: Find the sine,cos and tan-1 value of all elements in the resulting matrix"
   ]
  },
  {
   "cell_type": "code",
   "execution_count": 12,
   "metadata": {},
   "outputs": [
    {
     "name": "stdout",
     "output_type": "stream",
     "text": [
      "[[-9.99812508e-01  9.58782809e-01  3.71447112e-01 -6.08057276e-01\n",
      "   1.39301003e-01  5.07004885e-02 -4.26651890e-01 -6.68189992e-01\n",
      "   9.99626239e-01 -4.88447958e-01  4.81668025e-01 -3.69888415e-01\n",
      "   9.88209546e-01 -2.97495470e-01  8.41262202e-01  9.59962483e-01\n",
      "   4.97356656e-01 -2.30544066e-01 -6.55455922e-01 -9.57478673e-01]\n",
      " [ 9.58782809e-01 -2.67943181e-01  9.99952030e-01 -8.89869693e-01\n",
      "   9.59829930e-01  6.36138269e-01  3.80928133e-01 -6.71873084e-01\n",
      "  -8.12326148e-01 -8.80367612e-01  3.51678053e-02  5.49229898e-02\n",
      "  -6.64263738e-01  4.69031564e-01  8.89412237e-02  8.44007712e-01\n",
      "  -9.92563075e-01 -5.18485552e-01  9.20613308e-01  8.93539497e-01]\n",
      " [ 3.71447112e-01  9.99952030e-01  9.95302384e-01 -9.26509787e-01\n",
      "   6.25362264e-01 -5.19821870e-04 -6.94408390e-01  8.18366441e-01\n",
      "  -9.69663111e-01 -4.37772130e-01 -1.54889240e-03  9.85091656e-01\n",
      "   4.85673999e-01 -7.09977926e-01  9.96644594e-01 -9.23522781e-01\n",
      "  -9.18936738e-01 -4.43071054e-01  9.71625236e-01 -9.70024315e-01]\n",
      " [-6.08057276e-01 -8.89869693e-01 -9.26509787e-01 -4.54552803e-01\n",
      "   1.94426587e-01  7.44178820e-01  3.05399917e-02 -9.72425358e-01\n",
      "   7.16106872e-01 -1.23134619e-01  9.97375992e-01  4.94290675e-01\n",
      "   8.45116399e-01 -9.50893732e-02  4.54114667e-01 -9.16803572e-01\n",
      "   9.34463605e-01  8.81724281e-01  5.60201685e-01  3.00176514e-01]\n",
      " [ 1.39301003e-01  9.59829930e-01  6.25362264e-01  1.94426587e-01\n",
      "   3.55938170e-01 -5.12466647e-01 -4.76515387e-01  1.10261661e-01\n",
      "  -5.27166725e-01  2.15587545e-02  9.98565641e-01  7.38709927e-01\n",
      "   3.53938704e-01  9.98230299e-01 -3.10037355e-01  9.99148154e-01\n",
      "  -8.76650295e-01 -5.31951318e-01 -9.45803434e-01 -2.52223316e-01]\n",
      " [ 5.07004885e-02  6.36138269e-01 -5.19821870e-04  7.44178820e-01\n",
      "  -5.12466647e-01 -3.24803813e-01  6.71988812e-01  9.34407636e-01\n",
      "  -7.86618161e-01 -3.79421834e-01  3.88983971e-01 -7.79546160e-01\n",
      "   8.14563209e-01 -9.99280707e-01 -8.80671428e-01 -9.75117312e-01\n",
      "  -2.46741980e-01  1.82649369e-01 -7.46307370e-01 -8.67620796e-01]\n",
      " [-4.26651890e-01  3.80928133e-01 -6.94408390e-01  3.05399917e-02\n",
      "  -4.76515387e-01  6.71988812e-01 -3.61466325e-01  9.35658946e-01\n",
      "  -2.51117582e-01 -5.58763584e-01 -9.91448250e-01  1.88702246e-01\n",
      "  -5.67613444e-01 -9.80194580e-01  8.18851598e-01  5.25959479e-02\n",
      "  -1.71088025e-03  9.34457703e-01 -5.73139572e-01 -8.36964484e-01]\n",
      " [-6.68189992e-01 -6.71873084e-01  8.18366441e-01 -9.72425358e-01\n",
      "   1.10261661e-01  9.34407636e-01  9.35658946e-01 -8.42989512e-01\n",
      "  -9.96562599e-01 -9.15346217e-01  9.98464084e-01  3.96060068e-01\n",
      "   9.27389783e-01 -6.59013333e-01  9.91411761e-01  8.96173743e-01\n",
      "  -1.09983192e-01  5.91177351e-01  2.41237558e-01  9.90630244e-01]\n",
      " [ 9.99626239e-01 -8.12326148e-01 -9.69663111e-01  7.16106872e-01\n",
      "  -5.27166725e-01 -7.86618161e-01 -2.51117582e-01 -9.96562599e-01\n",
      "   9.99919351e-01 -6.39877652e-01  6.11132191e-01  1.49255921e-01\n",
      "   4.24419185e-01 -1.24010222e-01 -5.45681126e-01  8.36971317e-01\n",
      "  -7.96168213e-01  4.24894926e-01  9.66714176e-01 -5.75199493e-01]\n",
      " [-4.88447958e-01 -8.80367612e-01 -4.37772130e-01 -1.23134619e-01\n",
      "   2.15587545e-02 -3.79421834e-01 -5.58763584e-01 -9.15346217e-01\n",
      "  -6.39877652e-01  9.97211921e-01 -6.96610679e-01  9.32136039e-01\n",
      "  -8.05282251e-01  7.85546419e-01 -9.10547395e-01  9.91232547e-01\n",
      "  -6.18486188e-01  4.47987964e-02  1.29314881e-01  7.68687967e-01]\n",
      " [ 4.81668025e-01  3.51678053e-02 -1.54889240e-03  9.97375992e-01\n",
      "   9.98565641e-01  3.88983971e-01 -9.91448250e-01  9.98464084e-01\n",
      "   6.11132191e-01 -6.96610679e-01  2.96604440e-01  9.98122366e-01\n",
      "   1.02274333e-01 -6.83604545e-01  9.56213143e-01  1.01635142e-01\n",
      "   3.09233043e-01 -1.01822287e-01  9.49394945e-03  2.86714456e-01]\n",
      " [-3.69888415e-01  5.49229898e-02  9.85091656e-01  4.94290675e-01\n",
      "   7.38709927e-01 -7.79546160e-01  1.88702246e-01  3.96060068e-01\n",
      "   1.49255921e-01  9.32136039e-01  9.98122366e-01  7.31512837e-01\n",
      "  -8.68585833e-01  6.72369712e-01 -9.74165681e-01 -8.52120299e-02\n",
      "   3.36949764e-01  4.58888908e-01  6.64418677e-01 -3.10028073e-01]\n",
      " [ 9.88209546e-01 -6.64263738e-01  4.85673999e-01  8.45116399e-01\n",
      "   3.53938704e-01  8.14563209e-01 -5.67613444e-01  9.27389783e-01\n",
      "   4.24419185e-01 -8.05282251e-01  1.02274333e-01 -8.68585833e-01\n",
      "   9.44152265e-01  9.13357910e-01 -8.64928325e-01 -7.77939544e-01\n",
      "   8.92154976e-01  5.13975914e-01  1.02114525e-02 -9.74115042e-01]\n",
      " [-2.97495470e-01  4.69031564e-01 -7.09977926e-01 -9.50893732e-02\n",
      "   9.98230299e-01 -9.99280707e-01 -9.80194580e-01 -6.59013333e-01\n",
      "  -1.24010222e-01  7.85546419e-01 -6.83604545e-01  6.72369712e-01\n",
      "   9.13357910e-01 -9.49032605e-01 -9.97310381e-01 -3.44958553e-02\n",
      "   6.79582776e-01  8.76518299e-01 -5.12906986e-01  8.84425096e-01]\n",
      " [ 8.41262202e-01  8.89412237e-02  9.96644594e-01  4.54114667e-01\n",
      "  -3.10037355e-01 -8.80671428e-01  8.18851598e-01  9.91411761e-01\n",
      "  -5.45681126e-01 -9.10547395e-01  9.56213143e-01 -9.74165681e-01\n",
      "  -8.64928325e-01 -9.97310381e-01 -8.83079686e-01 -3.58457100e-01\n",
      "   6.81446638e-01  9.48111603e-01 -7.08547639e-01  9.60584310e-01]\n",
      " [ 9.59962483e-01  8.44007712e-01 -9.23522781e-01 -9.16803572e-01\n",
      "   9.99148154e-01 -9.75117312e-01  5.25959479e-02  8.96173743e-01\n",
      "   8.36971317e-01  9.91232547e-01  1.01635142e-01 -8.52120299e-02\n",
      "  -7.77939544e-01 -3.44958553e-02 -3.58457100e-01  5.20928344e-01\n",
      "   1.92384211e-01 -7.04130012e-01  1.44322797e-01 -5.74749127e-01]\n",
      " [ 4.97356656e-01 -9.92563075e-01 -9.18936738e-01  9.34463605e-01\n",
      "  -8.76650295e-01 -2.46741980e-01 -1.71088025e-03 -1.09983192e-01\n",
      "  -7.96168213e-01 -6.18486188e-01  3.09233043e-01  3.36949764e-01\n",
      "   8.92154976e-01  6.79582776e-01  6.81446638e-01  1.92384211e-01\n",
      "  -1.46412174e-01  1.21547012e-01  9.74613348e-01  6.15690760e-01]\n",
      " [-2.30544066e-01 -5.18485552e-01 -4.43071054e-01  8.81724281e-01\n",
      "  -5.31951318e-01  1.82649369e-01  9.34457703e-01  5.91177351e-01\n",
      "   4.24894926e-01  4.47987964e-02 -1.01822287e-01  4.58888908e-01\n",
      "   5.13975914e-01  8.76518299e-01  9.48111603e-01 -7.04130012e-01\n",
      "   1.21547012e-01 -9.60527422e-01 -9.46948690e-01  3.09710354e-01]\n",
      " [-6.55455922e-01  9.20613308e-01  9.71625236e-01  5.60201685e-01\n",
      "  -9.45803434e-01 -7.46307370e-01 -5.73139572e-01  2.41237558e-01\n",
      "   9.66714176e-01  1.29314881e-01  9.49394945e-03  6.64418677e-01\n",
      "   1.02114525e-02 -5.12906986e-01 -7.08547639e-01  1.44322797e-01\n",
      "   9.74613348e-01 -9.46948690e-01 -9.91649498e-01 -8.79395661e-01]\n",
      " [-9.57478673e-01  8.93539497e-01 -9.70024315e-01  3.00176514e-01\n",
      "  -2.52223316e-01 -8.67620796e-01 -8.36964484e-01  9.90630244e-01\n",
      "  -5.75199493e-01  7.68687967e-01  2.86714456e-01 -3.10028073e-01\n",
      "  -9.74115042e-01  8.84425096e-01  9.60584310e-01 -5.74749127e-01\n",
      "   6.15690760e-01  3.09710354e-01 -8.79395661e-01 -8.51278488e-01]]\n",
      "[[-0.01936358  0.28413997 -0.92845411  0.79389316  0.99025008 -0.9987139\n",
      "  -0.90441592  0.74399068  0.0273383  -0.87259303  0.87635376  0.92907619\n",
      "  -0.15310746 -0.95472323  0.54062733  0.2801286  -0.86754617 -0.97306189\n",
      "   0.75523343 -0.28850406]\n",
      " [ 0.28413997 -0.96343472 -0.00979473  0.45621478  0.28058244 -0.77157508\n",
      "  -0.92460465 -0.74066629 -0.58320342 -0.47429196 -0.99938142  0.99849059\n",
      "  -0.74749828 -0.8831814  -0.99603688  0.53633104  0.12173143  0.85508639\n",
      "   0.39047553  0.4489846 ]\n",
      " [-0.92845411 -0.00979473  0.0968151  -0.37627067 -0.78033457  0.99999986\n",
      "   0.71958112  0.57469676 -0.24444519  0.89908596  0.9999988   0.17203031\n",
      "   0.87414002 -0.70422393 -0.0818508  -0.38354357  0.39440496 -0.8964865\n",
      "  -0.23652569 -0.24300788]\n",
      " [ 0.79389316  0.45621478 -0.37627067  0.89071979 -0.98091707 -0.66798045\n",
      "   0.99953355  0.23321433  0.69799065  0.99238998  0.07239566  0.86929669\n",
      "   0.53458233  0.99546874 -0.89094325 -0.39933847 -0.35605866  0.47176508\n",
      "   0.82835625  0.95388367]\n",
      " [ 0.99025008  0.28058244 -0.78033457 -0.98091707 -0.93450951 -0.85870713\n",
      "   0.87916613  0.99390259  0.84976187  0.99976758 -0.05354121  0.67402347\n",
      "   0.93526862 -0.05946655 -0.95072438  0.04126702  0.48112811  0.84677494\n",
      "   0.32473969  0.96766905]\n",
      " [-0.9987139  -0.77157508  0.99999986 -0.66798045 -0.85870713  0.94578141\n",
      "  -0.7405613  -0.35620552 -0.61743977 -0.9252238   0.92124452 -0.62634478\n",
      "  -0.5800748   0.03792187  0.4737276  -0.22168949 -0.96908121  0.98317812\n",
      "  -0.66560146 -0.49722646]\n",
      " [-0.90441592 -0.92460465  0.71958112  0.99953355  0.87916613 -0.7405613\n",
      "  -0.93238517  0.35290556  0.96795659 -0.82932699  0.13050045  0.98203435\n",
      "  -0.8232952   0.19803683 -0.57400528 -0.99861588  0.99999854 -0.35607415\n",
      "   0.81945777 -0.54725721]\n",
      " [ 0.74399068 -0.74066629  0.57469676  0.23321433  0.99390259 -0.35620552\n",
      "   0.35290556  0.53793     0.08284314  0.40266773  0.05540283 -0.9182246\n",
      "   0.3740965  -0.75213126 -0.13077737 -0.4437033  -0.99393345 -0.80654159\n",
      "   0.97046609  0.1365713 ]\n",
      " [ 0.0273383  -0.58320342 -0.24444519  0.69799065  0.84976187 -0.61743977\n",
      "   0.96795659  0.08284314  0.01270008 -0.7684768   0.79152855 -0.9887986\n",
      "  -0.90546582 -0.99228094 -0.8379929   0.54724676 -0.60507535  0.90524268\n",
      "   0.25585875 -0.81801317]\n",
      " [-0.87259303 -0.47429196  0.89908596  0.99238998  0.99976758 -0.9252238\n",
      "  -0.82932699  0.40266773 -0.7684768  -0.07462161 -0.71744934 -0.36210828\n",
      "   0.59289164 -0.61880273  0.41340469  0.13212887 -0.78579567  0.99899603\n",
      "   0.99160358 -0.63962396]\n",
      " [ 0.87635376 -0.99938142  0.9999988   0.07239566 -0.05354121  0.92124452\n",
      "   0.13050045  0.05540283  0.79152855 -0.71744934  0.95500042  0.06125147\n",
      "   0.99475623 -0.72985261 -0.29267119  0.99482174 -0.95098629 -0.9948026\n",
      "  -0.99995493  0.95801609]\n",
      " [ 0.92907619  0.99849059  0.17203031  0.86929669  0.67402347 -0.62634478\n",
      "   0.98203435 -0.9182246  -0.9887986  -0.36210828  0.06125147  0.68182767\n",
      "   0.49553875 -0.74021549  0.22583451  0.99636284  0.94152263  0.88849365\n",
      "   0.74736057  0.9507274 ]\n",
      " [-0.15310746 -0.74749828  0.87414002  0.53458233  0.93526862 -0.5800748\n",
      "  -0.8232952   0.3740965  -0.90546582  0.59289164  0.99475623  0.49553875\n",
      "  -0.32950948 -0.40715762 -0.5018954   0.62833913 -0.45172945 -0.85780462\n",
      "  -0.99994786 -0.22605284]\n",
      " [-0.95472323 -0.8831814  -0.70422393  0.99546874 -0.05946655  0.03792187\n",
      "   0.19803683 -0.75213126 -0.99228094 -0.61880273 -0.72985261 -0.74021549\n",
      "  -0.40715762  0.31517791 -0.07329396 -0.99940484  0.73359884 -0.48136854\n",
      "  -0.85844419  0.46668217]\n",
      " [ 0.54062733 -0.99603688 -0.0818508  -0.89094325 -0.95072438  0.4737276\n",
      "  -0.57400528 -0.13077737 -0.8379929   0.41340469 -0.29267119  0.22583451\n",
      "  -0.5018954  -0.07329396 -0.46922305  0.9335462   0.7318678   0.31793771\n",
      "   0.70566298  0.27798882]\n",
      " [ 0.2801286   0.53633104 -0.38354357 -0.39933847  0.04126702 -0.22168949\n",
      "  -0.99861588 -0.4437033   0.54724676  0.13212887  0.99482174  0.99636284\n",
      "   0.62833913 -0.99940484  0.9335462  -0.85360041  0.98131968  0.71007107\n",
      "   0.98953066 -0.81832967]\n",
      " [-0.86754617  0.12173143  0.39440496 -0.35605866  0.48112811 -0.96908121\n",
      "   0.99999854 -0.99393345 -0.60507535 -0.78579567 -0.95098629  0.94152263\n",
      "  -0.45172945  0.73359884  0.7318678   0.98131968  0.98922367 -0.99258568\n",
      "  -0.22389467 -0.78798787]\n",
      " [-0.97306189  0.85508639 -0.8964865   0.47176508  0.84677494  0.98317812\n",
      "  -0.35607415 -0.80654159  0.90524268  0.99899603 -0.9948026   0.88849365\n",
      "  -0.85780462 -0.48136854  0.31793771  0.71007107 -0.99258568 -0.27818532\n",
      "  -0.32138478 -0.95083095]\n",
      " [ 0.75523343  0.39047553 -0.23652569  0.82835625  0.32473969 -0.66560146\n",
      "   0.81945777  0.97046609  0.25585875  0.99160358 -0.99995493  0.74736057\n",
      "  -0.99994786 -0.85844419  0.70566298  0.98953066 -0.22389467 -0.32138478\n",
      "   0.1289623  -0.47609166]\n",
      " [-0.28850406  0.4489846  -0.24300788  0.95388367  0.96766905 -0.49722646\n",
      "  -0.54725721  0.1365713  -0.81801317 -0.63962396  0.95801609  0.9507274\n",
      "  -0.22605284  0.46668217  0.27798882 -0.81832967 -0.78798787 -0.95083095\n",
      "  -0.47609166 -0.52471415]]\n",
      "[[1.57078952 1.57078894 1.57078889 1.57078745 1.57078753 1.57078566\n",
      "  1.57078809 1.5707869  1.57078711 1.57078612 1.57078874 1.57078819\n",
      "  1.57078783 1.57078657 1.57078884 1.57078739 1.57078738 1.57078845\n",
      "  1.57078756 1.57078808]\n",
      " [1.57078894 1.5707916  1.57078998 1.5707893  1.57078968 1.5707886\n",
      "  1.57078956 1.57078919 1.57078909 1.57078888 1.57079055 1.57079\n",
      "  1.57078966 1.5707882  1.57078993 1.57078841 1.57078958 1.57079059\n",
      "  1.57078969 1.57078987]\n",
      " [1.57078889 1.57078998 1.57079128 1.57078919 1.57078881 1.57078722\n",
      "  1.57078881 1.5707888  1.57078856 1.57078802 1.57078999 1.57078897\n",
      "  1.57078974 1.57078792 1.57078927 1.57078783 1.57078862 1.5707897\n",
      "  1.57078934 1.57078934]\n",
      " [1.57078745 1.5707893  1.57078919 1.57078997 1.57078793 1.57078696\n",
      "  1.57078814 1.57078833 1.5707875  1.57078713 1.57078905 1.57078839\n",
      "  1.5707876  1.57078648 1.57078898 1.5707871  1.57078794 1.57078889\n",
      "  1.57078856 1.57078823]\n",
      " [1.57078753 1.57078968 1.57078881 1.57078793 1.57079045 1.57078785\n",
      "  1.5707875  1.57078861 1.57078898 1.5707881  1.57078955 1.5707894\n",
      "  1.57078919 1.57078659 1.57078819 1.57078803 1.57078833 1.57078891\n",
      "  1.57078913 1.57078947]\n",
      " [1.57078566 1.5707886  1.57078722 1.57078696 1.57078785 1.57078894\n",
      "  1.57078643 1.57078708 1.57078765 1.57078636 1.57078762 1.57078797\n",
      "  1.57078736 1.57078452 1.5707879  1.57078611 1.57078675 1.57078798\n",
      "  1.57078741 1.57078794]\n",
      " [1.57078809 1.57078956 1.57078881 1.57078814 1.5707875  1.57078643\n",
      "  1.57078974 1.57078771 1.57078708 1.57078632 1.57078898 1.57078904\n",
      "  1.57078788 1.57078661 1.57078884 1.57078625 1.57078771 1.57078841\n",
      "  1.57078747 1.57078876]\n",
      " [1.5707869  1.57078919 1.5707888  1.57078833 1.57078861 1.57078708\n",
      "  1.57078771 1.57078998 1.57078814 1.57078779 1.57078952 1.570789\n",
      "  1.57078851 1.570787   1.57078904 1.57078696 1.5707875  1.57078838\n",
      "  1.57078788 1.57078882]\n",
      " [1.57078711 1.57078909 1.57078856 1.5707875  1.57078898 1.57078765\n",
      "  1.57078708 1.57078814 1.57079031 1.57078755 1.57078875 1.57078909\n",
      "  1.57078855 1.5707869  1.57078836 1.57078627 1.5707878  1.57078801\n",
      "  1.57078793 1.57078815]\n",
      " [1.57078612 1.57078888 1.57078802 1.57078713 1.5707881  1.57078636\n",
      "  1.57078632 1.57078779 1.57078755 1.57078986 1.57078823 1.57078824\n",
      "  1.57078802 1.57078657 1.57078772 1.57078643 1.57078753 1.57078788\n",
      "  1.57078753 1.5707882 ]\n",
      " [1.57078874 1.57079055 1.57078999 1.57078905 1.57078955 1.57078762\n",
      "  1.57078898 1.57078952 1.57078875 1.57078823 1.57079112 1.57078991\n",
      "  1.57078978 1.57078792 1.57078971 1.57078896 1.57078943 1.57078972\n",
      "  1.57078941 1.57078955]\n",
      " [1.57078819 1.57079    1.57078897 1.57078839 1.5707894  1.57078797\n",
      "  1.57078904 1.570789   1.57078909 1.57078824 1.57078991 1.57079096\n",
      "  1.57078948 1.57078775 1.5707896  1.57078733 1.57078868 1.5707893\n",
      "  1.57078892 1.57078953]\n",
      " [1.57078783 1.57078966 1.57078974 1.5707876  1.57078919 1.57078736\n",
      "  1.57078788 1.57078851 1.57078855 1.57078802 1.57078978 1.57078948\n",
      "  1.57079067 1.57078709 1.57078871 1.5707877  1.57078847 1.57078926\n",
      "  1.57078948 1.57078883]\n",
      " [1.57078657 1.5707882  1.57078792 1.57078648 1.57078659 1.57078452\n",
      "  1.57078661 1.570787   1.5707869  1.57078657 1.57078792 1.57078775\n",
      "  1.57078709 1.57078874 1.57078757 1.57078434 1.57078671 1.57078668\n",
      "  1.5707866  1.57078688]\n",
      " [1.57078884 1.57078993 1.57078927 1.57078898 1.57078819 1.5707879\n",
      "  1.57078884 1.57078904 1.57078836 1.57078772 1.57078971 1.5707896\n",
      "  1.57078871 1.57078757 1.57079072 1.57078766 1.57078861 1.57078933\n",
      "  1.57078851 1.57078885]\n",
      " [1.57078739 1.57078841 1.57078783 1.5707871  1.57078803 1.57078611\n",
      "  1.57078625 1.57078696 1.57078627 1.57078643 1.57078896 1.57078733\n",
      "  1.5707877  1.57078434 1.57078766 1.57078912 1.57078722 1.57078833\n",
      "  1.57078722 1.57078801]\n",
      " [1.57078738 1.57078958 1.57078862 1.57078794 1.57078833 1.57078675\n",
      "  1.57078771 1.5707875  1.5707878  1.57078753 1.57078943 1.57078868\n",
      "  1.57078847 1.57078671 1.57078861 1.57078722 1.5707901  1.57078847\n",
      "  1.57078797 1.57078852]\n",
      " [1.57078845 1.57079059 1.5707897  1.57078889 1.57078891 1.57078798\n",
      "  1.57078841 1.57078838 1.57078801 1.57078788 1.57078972 1.5707893\n",
      "  1.57078926 1.57078668 1.57078933 1.57078833 1.57078847 1.5707907\n",
      "  1.57078949 1.57078908]\n",
      " [1.57078756 1.57078969 1.57078934 1.57078856 1.57078913 1.57078741\n",
      "  1.57078747 1.57078788 1.57078793 1.57078753 1.57078941 1.57078892\n",
      "  1.57078948 1.5707866  1.57078851 1.57078722 1.57078797 1.57078949\n",
      "  1.57079053 1.57078866]\n",
      " [1.57078808 1.57078987 1.57078934 1.57078823 1.57078947 1.57078794\n",
      "  1.57078876 1.57078882 1.57078815 1.5707882  1.57078955 1.57078953\n",
      "  1.57078883 1.57078688 1.57078885 1.57078801 1.57078852 1.57078908\n",
      "  1.57078866 1.57079073]]\n"
     ]
    }
   ],
   "source": [
    "## BEGIN CODE(1 line of code for each)\n",
    "#for sine\n",
    "sin=np.sin(c)\n",
    "print(sin)\n",
    " \n",
    "#for cos\n",
    "cos=np.cos(c)\n",
    "print(cos)\n",
    "\n",
    "#for tan-1\n",
    "atan=np.arctan(c)\n",
    "print(atan)\n",
    "\n",
    "## END CODE"
   ]
  },
  {
   "cell_type": "markdown",
   "metadata": {},
   "source": [
    "# Bonus Task"
   ]
  },
  {
   "cell_type": "markdown",
   "metadata": {},
   "source": [
    "### Normalizing rows\n",
    "\n",
    "Normalization is a common technique we use in Machine Learning and Deep Learning is to normalize our data. Here, by normalization we mean changing x to $ \\frac{x}{\\| x\\|} $ (dividing each row vector of x by its norm).\n",
    "\n",
    "For example, if $$x = \n",
    "\\begin{bmatrix}\n",
    "    0 & 3 & 4 \\\\\n",
    "    2 & 6 & 4 \\\\\n",
    "\\end{bmatrix}\\tag{1}$$ then $$\\| x\\| = np.linalg.norm(x, axis = 1, keepdims = True) = \\begin{bmatrix}\n",
    "    5 \\\\\n",
    "    \\sqrt{56} \\\\\n",
    "\\end{bmatrix}\\tag{2} $$and        $$ x\\_normalized = \\frac{x}{\\| x\\|} = \\begin{bmatrix}\n",
    "    0 & \\frac{3}{5} & \\frac{4}{5} \\\\\n",
    "    \\frac{2}{\\sqrt{56}} & \\frac{6}{\\sqrt{56}} & \\frac{4}{\\sqrt{56}} \\\\\n",
    "\\end{bmatrix}\\tag{3}$$ Note that you can divide matrices of different sizes and it works fine: this is called broadcasting and you're going to learn about it in part 3.\n",
    "\n",
    "\n",
    "**Exercise**: Implement normalizeRows() to normalize the rows of a matrix . After applying this function to an input matrix x, each row of x should be a vector of unit length (meaning length 1)."
   ]
  },
  {
   "cell_type": "code",
   "execution_count": 13,
   "metadata": {},
   "outputs": [],
   "source": [
    "\n",
    "def normalizeRows(x):\n",
    "    \"\"\"\n",
    "    Implement a function that normalizes each row of the matrix x (to have unit length).\n",
    "    \n",
    "    Argument:\n",
    "    x -- A numpy matrix of shape (n, m)\n",
    "    \n",
    "    Returns:\n",
    "    x -- The normalized (by row) numpy matrix. You are allowed to modify x.\n",
    "    \"\"\"\n",
    "    \n",
    "    #Begin Here(≈ 2 lines of code)\n",
    "    # Compute x_norm as the norm 2 of x. Use np.linalg.norm(..., ord = 2, axis = ..., keepdims = True)\n",
    "    \n",
    "    x_norm=np.linalg.norm(x,axis=1,keepdims=True)\n",
    "    return x/x_norm\n",
    "    # Divide x by its norm.\n",
    "    \n",
    "    \n",
    "    \n",
    "    #END CODE\n",
    "\n",
    "    "
   ]
  },
  {
   "cell_type": "code",
   "execution_count": 14,
   "metadata": {},
   "outputs": [
    {
     "name": "stdout",
     "output_type": "stream",
     "text": [
      "normalizeRows(x) = [[0.         0.58123819 0.81373347]\n",
      " [0.81373347 0.34874292 0.46499055]]\n"
     ]
